   5  135
1 1
     0.537614020000000    -0.000000000000000    -0.000000000000000
    -0.000000000000000     0.537614020000000    -0.000000000000000
    -0.000000000000000    -0.000000000000000     0.537614020000000
1 2
    -0.076428730000000    -0.000000000000000    -0.000000000000000
     0.000000000000000     0.010722520000000    -0.000000000000000
     0.000000000000000    -0.000000000000000     0.010722520000000
1 3
    -0.076428730000000    -0.000000000000000    -0.000000000000000
    -0.000000000000000     0.010722520000000    -0.000000000000000
    -0.000000000000000    -0.000000000000000     0.010722520000000
1 4
     0.010722520000000    -0.000000000000000    -0.000000000000000
    -0.000000000000000    -0.076428730000000    -0.000000000000000
    -0.000000000000000     0.000000000000000     0.010722520000000
1 5
    -0.005312980000000    -0.010880000000000    -0.000000000000000
    -0.010880000000000    -0.005312980000000    -0.000000000000000
     0.000000000000000     0.000000000000000     0.006677020000000
1 6
    -0.005312980000000     0.010880000000000    -0.000000000000000
     0.010880000000000    -0.005312980000000    -0.000000000000000
    -0.000000000000000     0.000000000000000     0.006677020000000
1 7
     0.010722520000000     0.000000000000000    -0.000000000000000
    -0.000000000000000    -0.076428730000000    -0.000000000000000
    -0.000000000000000    -0.000000000000000     0.010722520000000
1 8
    -0.005312980000000     0.010880000000000    -0.000000000000000
     0.010880000000000    -0.005312980000000    -0.000000000000000
     0.000000000000000    -0.000000000000000     0.006677020000000
1 9
    -0.005312980000000    -0.010880000000000    -0.000000000000000
    -0.010880000000000    -0.005312980000000    -0.000000000000000
    -0.000000000000000    -0.000000000000000     0.006677020000000
1 10
     0.010722520000000    -0.000000000000000    -0.000000000000000
    -0.000000000000000     0.010722520000000     0.000000000000000
    -0.000000000000000    -0.000000000000000    -0.076428730000000
1 11
    -0.005312980000000    -0.000000000000000    -0.010880000000000
     0.000000000000000     0.006677020000000     0.000000000000000
    -0.010880000000000    -0.000000000000000    -0.005312980000000
1 12
    -0.005312980000000    -0.000000000000000     0.010880000000000
    -0.000000000000000     0.006677020000000     0.000000000000000
     0.010880000000000    -0.000000000000000    -0.005312980000000
1 13
     0.006677020000000    -0.000000000000000    -0.000000000000000
    -0.000000000000000    -0.005312980000000    -0.010880000000000
    -0.000000000000000    -0.010880000000000    -0.005312980000000
1 14
    -0.003372480000000    -0.002289750000000    -0.002289750000000
    -0.002289750000000    -0.003372480000000    -0.002289750000000
    -0.002289750000000    -0.002289750000000    -0.003372480000000
1 15
    -0.003372480000000     0.002289750000000     0.002289750000000
     0.002289750000000    -0.003372480000000    -0.002289750000000
     0.002289750000000    -0.002289750000000    -0.003372480000000
1 16
     0.006677020000000     0.000000000000000    -0.000000000000000
    -0.000000000000000    -0.005312980000000     0.010880000000000
    -0.000000000000000     0.010880000000000    -0.005312980000000
1 17
    -0.003372480000000     0.002289750000000    -0.002289750000000
     0.002289750000000    -0.003372480000000     0.002289750000000
    -0.002289750000000     0.002289750000000    -0.003372480000000
1 18
    -0.003372480000000    -0.002289750000000     0.002289750000000
    -0.002289750000000    -0.003372480000000     0.002289750000000
     0.002289750000000     0.002289750000000    -0.003372480000000
1 19
     0.010722520000000    -0.000000000000000     0.000000000000000
    -0.000000000000000     0.010722520000000    -0.000000000000000
    -0.000000000000000    -0.000000000000000    -0.076428730000000
1 20
    -0.005312980000000    -0.000000000000000     0.010880000000000
     0.000000000000000     0.006677020000000    -0.000000000000000
     0.010880000000000    -0.000000000000000    -0.005312980000000
1 21
    -0.005312980000000    -0.000000000000000    -0.010880000000000
    -0.000000000000000     0.006677020000000    -0.000000000000000
    -0.010880000000000    -0.000000000000000    -0.005312980000000
1 22
     0.006677020000000    -0.000000000000000     0.000000000000000
    -0.000000000000000    -0.005312980000000     0.010880000000000
    -0.000000000000000     0.010880000000000    -0.005312980000000
1 23
    -0.003372480000000    -0.002289750000000     0.002289750000000
    -0.002289750000000    -0.003372480000000     0.002289750000000
     0.002289750000000     0.002289750000000    -0.003372480000000
1 24
    -0.003372480000000     0.002289750000000    -0.002289750000000
     0.002289750000000    -0.003372480000000     0.002289750000000
    -0.002289750000000     0.002289750000000    -0.003372480000000
1 25
     0.006677020000000     0.000000000000000     0.000000000000000
    -0.000000000000000    -0.005312980000000    -0.010880000000000
    -0.000000000000000    -0.010880000000000    -0.005312980000000
1 26
    -0.003372480000000     0.002289750000000     0.002289750000000
     0.002289750000000    -0.003372480000000    -0.002289750000000
     0.002289750000000    -0.002289750000000    -0.003372480000000
1 27
    -0.003372480000000    -0.002289750000000    -0.002289750000000
    -0.002289750000000    -0.003372480000000    -0.002289750000000
    -0.002289750000000    -0.002289750000000    -0.003372480000000
1 28
    -0.045985980000000     0.000000000000000    -0.000000000000000
    -0.000000000000000    -0.126963980000000    -0.000000000000000
    -0.000000000000000    -0.000000000000000    -0.045985980000000
1 29
     0.014559270000000     0.018330000000000    -0.000000000000000
     0.004414000000000    -0.004996980000000    -0.000000000000000
     0.000000000000000     0.000000000000000    -0.005734480000000
1 30
     0.014559270000000    -0.018330000000000    -0.000000000000000
    -0.004414000000000    -0.004996980000000    -0.000000000000000
    -0.000000000000000     0.000000000000000    -0.005734480000000
1 31
    -0.003170480000000    -0.000000000000000    -0.000000000000000
    -0.000000000000000     0.015943520000000    -0.000000000000000
    -0.000000000000000    -0.000000000000000    -0.003170480000000
1 32
     0.001532020000000    -0.000000000000000    -0.000000000000000
     0.000000000000000     0.008729520000000    -0.000000000000000
    -0.000000000000000    -0.000000000000000    -0.002146480000000
1 33
     0.001532020000000    -0.000000000000000    -0.000000000000000
    -0.000000000000000     0.008729520000000    -0.000000000000000
     0.000000000000000    -0.000000000000000    -0.002146480000000
1 34
    -0.045985980000000    -0.000000000000000    -0.000000000000000
    -0.000000000000000    -0.126963980000000    -0.000000000000000
    -0.000000000000000     0.000000000000000    -0.045985980000000
1 35
     0.014559270000000    -0.018330000000000    -0.000000000000000
    -0.004414000000000    -0.004996980000000    -0.000000000000000
     0.000000000000000    -0.000000000000000    -0.005734480000000
1 36
     0.014559270000000     0.018330000000000    -0.000000000000000
     0.004414000000000    -0.004996980000000    -0.000000000000000
    -0.000000000000000    -0.000000000000000    -0.005734480000000
1 37
    -0.005734480000000    -0.000000000000000    -0.000000000000000
    -0.000000000000000    -0.004996980000000     0.004414000000000
    -0.000000000000000     0.018330000000000     0.014559270000000
1 38
     0.003020520000000     0.002013000000000     0.002988500000000
     0.002530750000000    -0.001872730000000     0.002530750000000
     0.002988500000000     0.002013000000000     0.003020520000000
1 39
     0.003020520000000    -0.002013000000000    -0.002988500000000
    -0.002530750000000    -0.001872730000000     0.002530750000000
    -0.002988500000000     0.002013000000000     0.003020520000000
1 40
    -0.002146480000000    -0.000000000000000     0.000000000000000
    -0.000000000000000     0.008729520000000     0.000000000000000
    -0.000000000000000    -0.000000000000000     0.001532020000000
1 41
     0.001073020000000    -0.000000000000000     0.000536750000000
    -0.000000000000000     0.003712020000000    -0.000000000000000
     0.000536750000000    -0.000000000000000     0.001073020000000
1 42
     0.001073020000000    -0.000000000000000    -0.000536750000000
     0.000000000000000     0.003712020000000    -0.000000000000000
    -0.000536750000000    -0.000000000000000     0.001073020000000
1 43
    -0.005734480000000     0.000000000000000    -0.000000000000000
    -0.000000000000000    -0.004996980000000    -0.004414000000000
    -0.000000000000000    -0.018330000000000     0.014559270000000
1 44
     0.003020520000000    -0.002013000000000     0.002988500000000
    -0.002530750000000    -0.001872730000000    -0.002530750000000
     0.002988500000000    -0.002013000000000     0.003020520000000
1 45
     0.003020520000000     0.002013000000000    -0.002988500000000
     0.002530750000000    -0.001872730000000    -0.002530750000000
    -0.002988500000000    -0.002013000000000     0.003020520000000
1 46
    -0.005734480000000    -0.000000000000000     0.000000000000000
    -0.000000000000000    -0.004996980000000    -0.004414000000000
    -0.000000000000000    -0.018330000000000     0.014559270000000
1 47
     0.003020520000000     0.002013000000000    -0.002988500000000
     0.002530750000000    -0.001872730000000    -0.002530750000000
    -0.002988500000000    -0.002013000000000     0.003020520000000
1 48
     0.003020520000000    -0.002013000000000     0.002988500000000
    -0.002530750000000    -0.001872730000000    -0.002530750000000
     0.002988500000000    -0.002013000000000     0.003020520000000
1 49
    -0.002146480000000    -0.000000000000000    -0.000000000000000
    -0.000000000000000     0.008729520000000    -0.000000000000000
    -0.000000000000000    -0.000000000000000     0.001532020000000
1 50
     0.001073020000000    -0.000000000000000    -0.000536750000000
    -0.000000000000000     0.003712020000000     0.000000000000000
    -0.000536750000000    -0.000000000000000     0.001073020000000
1 51
     0.001073020000000    -0.000000000000000     0.000536750000000
     0.000000000000000     0.003712020000000     0.000000000000000
     0.000536750000000    -0.000000000000000     0.001073020000000
1 52
    -0.005734480000000     0.000000000000000     0.000000000000000
    -0.000000000000000    -0.004996980000000     0.004414000000000
    -0.000000000000000     0.018330000000000     0.014559270000000
1 53
     0.003020520000000    -0.002013000000000    -0.002988500000000
    -0.002530750000000    -0.001872730000000     0.002530750000000
    -0.002988500000000     0.002013000000000     0.003020520000000
1 54
     0.003020520000000     0.002013000000000     0.002988500000000
     0.002530750000000    -0.001872730000000     0.002530750000000
     0.002988500000000     0.002013000000000     0.003020520000000
1 55
    -0.045985980000000    -0.000000000000000     0.000000000000000
    -0.000000000000000    -0.045985980000000    -0.000000000000000
    -0.000000000000000    -0.000000000000000    -0.126963980000000
1 56
     0.014559270000000    -0.000000000000000     0.018330000000000
     0.000000000000000    -0.005734480000000     0.000000000000000
     0.004414000000000    -0.000000000000000    -0.004996980000000
1 57
     0.014559270000000    -0.000000000000000    -0.018330000000000
    -0.000000000000000    -0.005734480000000     0.000000000000000
    -0.004414000000000    -0.000000000000000    -0.004996980000000
1 58
    -0.005734480000000    -0.000000000000000    -0.000000000000000
    -0.000000000000000     0.014559270000000     0.018330000000000
    -0.000000000000000     0.004414000000000    -0.004996980000000
1 59
     0.003020520000000     0.002988500000000     0.002013000000000
     0.002988500000000     0.003020520000000     0.002013000000000
     0.002530750000000     0.002530750000000    -0.001872730000000
1 60
     0.003020520000000    -0.002988500000000    -0.002013000000000
    -0.002988500000000     0.003020520000000     0.002013000000000
    -0.002530750000000     0.002530750000000    -0.001872730000000
1 61
    -0.005734480000000     0.000000000000000    -0.000000000000000
    -0.000000000000000     0.014559270000000    -0.018330000000000
    -0.000000000000000    -0.004414000000000    -0.004996980000000
1 62
     0.003020520000000    -0.002988500000000     0.002013000000000
    -0.002988500000000     0.003020520000000    -0.002013000000000
     0.002530750000000    -0.002530750000000    -0.001872730000000
1 63
     0.003020520000000     0.002988500000000    -0.002013000000000
     0.002988500000000     0.003020520000000    -0.002013000000000
    -0.002530750000000    -0.002530750000000    -0.001872730000000
1 64
    -0.003170480000000    -0.000000000000000    -0.000000000000000
    -0.000000000000000    -0.003170480000000    -0.000000000000000
    -0.000000000000000    -0.000000000000000     0.015943520000000
1 65
     0.001532020000000    -0.000000000000000    -0.000000000000000
    -0.000000000000000    -0.002146480000000    -0.000000000000000
     0.000000000000000    -0.000000000000000     0.008729520000000
1 66
     0.001532020000000    -0.000000000000000    -0.000000000000000
     0.000000000000000    -0.002146480000000    -0.000000000000000
    -0.000000000000000    -0.000000000000000     0.008729520000000
1 67
    -0.002146480000000     0.000000000000000    -0.000000000000000
    -0.000000000000000     0.001532020000000    -0.000000000000000
    -0.000000000000000     0.000000000000000     0.008729520000000
1 68
     0.001073020000000     0.000536750000000    -0.000000000000000
     0.000536750000000     0.001073020000000    -0.000000000000000
    -0.000000000000000    -0.000000000000000     0.003712020000000
1 69
     0.001073020000000    -0.000536750000000    -0.000000000000000
    -0.000536750000000     0.001073020000000    -0.000000000000000
     0.000000000000000    -0.000000000000000     0.003712020000000
1 70
    -0.002146480000000    -0.000000000000000    -0.000000000000000
    -0.000000000000000     0.001532020000000    -0.000000000000000
    -0.000000000000000    -0.000000000000000     0.008729520000000
1 71
     0.001073020000000    -0.000536750000000    -0.000000000000000
    -0.000536750000000     0.001073020000000    -0.000000000000000
    -0.000000000000000     0.000000000000000     0.003712020000000
1 72
     0.001073020000000     0.000536750000000    -0.000000000000000
     0.000536750000000     0.001073020000000    -0.000000000000000
     0.000000000000000     0.000000000000000     0.003712020000000
1 73
    -0.045985980000000    -0.000000000000000    -0.000000000000000
    -0.000000000000000    -0.045985980000000     0.000000000000000
    -0.000000000000000    -0.000000000000000    -0.126963980000000
1 74
     0.014559270000000    -0.000000000000000    -0.018330000000000
     0.000000000000000    -0.005734480000000    -0.000000000000000
    -0.004414000000000    -0.000000000000000    -0.004996980000000
1 75
     0.014559270000000    -0.000000000000000     0.018330000000000
    -0.000000000000000    -0.005734480000000    -0.000000000000000
     0.004414000000000    -0.000000000000000    -0.004996980000000
1 76
    -0.005734480000000    -0.000000000000000     0.000000000000000
    -0.000000000000000     0.014559270000000    -0.018330000000000
    -0.000000000000000    -0.004414000000000    -0.004996980000000
1 77
     0.003020520000000     0.002988500000000    -0.002013000000000
     0.002988500000000     0.003020520000000    -0.002013000000000
    -0.002530750000000    -0.002530750000000    -0.001872730000000
1 78
     0.003020520000000    -0.002988500000000     0.002013000000000
    -0.002988500000000     0.003020520000000    -0.002013000000000
     0.002530750000000    -0.002530750000000    -0.001872730000000
1 79
    -0.005734480000000     0.000000000000000     0.000000000000000
    -0.000000000000000     0.014559270000000     0.018330000000000
    -0.000000000000000     0.004414000000000    -0.004996980000000
1 80
     0.003020520000000    -0.002988500000000    -0.002013000000000
    -0.002988500000000     0.003020520000000     0.002013000000000
    -0.002530750000000     0.002530750000000    -0.001872730000000
1 81
     0.003020520000000     0.002988500000000     0.002013000000000
     0.002988500000000     0.003020520000000     0.002013000000000
     0.002530750000000     0.002530750000000    -0.001872730000000
1 82
    -0.126963980000000    -0.000000000000000    -0.000000000000000
    -0.000000000000000    -0.045985980000000    -0.000000000000000
    -0.000000000000000    -0.000000000000000    -0.045985980000000
1 83
     0.015943520000000    -0.000000000000000    -0.000000000000000
    -0.000000000000000    -0.003170480000000    -0.000000000000000
    -0.000000000000000    -0.000000000000000    -0.003170480000000
1 84
    -0.126963980000000    -0.000000000000000    -0.000000000000000
     0.000000000000000    -0.045985980000000    -0.000000000000000
     0.000000000000000    -0.000000000000000    -0.045985980000000
1 85
    -0.004996980000000     0.004414000000000    -0.000000000000000
     0.018330000000000     0.014559270000000    -0.000000000000000
     0.000000000000000     0.000000000000000    -0.005734480000000
1 86
     0.008729520000000    -0.000000000000000    -0.000000000000000
    -0.000000000000000     0.001532020000000    -0.000000000000000
    -0.000000000000000    -0.000000000000000    -0.002146480000000
1 87
    -0.004996980000000    -0.004414000000000    -0.000000000000000
    -0.018330000000000     0.014559270000000    -0.000000000000000
    -0.000000000000000     0.000000000000000    -0.005734480000000
1 88
    -0.004996980000000    -0.004414000000000    -0.000000000000000
    -0.018330000000000     0.014559270000000    -0.000000000000000
     0.000000000000000    -0.000000000000000    -0.005734480000000
1 89
     0.008729520000000     0.000000000000000    -0.000000000000000
    -0.000000000000000     0.001532020000000    -0.000000000000000
    -0.000000000000000     0.000000000000000    -0.002146480000000
1 90
    -0.004996980000000     0.004414000000000    -0.000000000000000
     0.018330000000000     0.014559270000000    -0.000000000000000
    -0.000000000000000    -0.000000000000000    -0.005734480000000
1 91
    -0.004996980000000    -0.000000000000000     0.004414000000000
     0.000000000000000    -0.005734480000000     0.000000000000000
     0.018330000000000    -0.000000000000000     0.014559270000000
1 92
     0.008729520000000    -0.000000000000000    -0.000000000000000
    -0.000000000000000    -0.002146480000000    -0.000000000000000
    -0.000000000000000    -0.000000000000000     0.001532020000000
1 93
    -0.004996980000000    -0.000000000000000    -0.004414000000000
    -0.000000000000000    -0.005734480000000     0.000000000000000
    -0.018330000000000    -0.000000000000000     0.014559270000000
1 94
    -0.001872730000000     0.002530750000000     0.002530750000000
     0.002013000000000     0.003020520000000     0.002988500000000
     0.002013000000000     0.002988500000000     0.003020520000000
1 95
     0.003712020000000     0.000000000000000     0.000000000000000
    -0.000000000000000     0.001073020000000     0.000536750000000
    -0.000000000000000     0.000536750000000     0.001073020000000
1 96
    -0.001872730000000    -0.002530750000000    -0.002530750000000
    -0.002013000000000     0.003020520000000     0.002988500000000
    -0.002013000000000     0.002988500000000     0.003020520000000
1 97
    -0.001872730000000    -0.002530750000000     0.002530750000000
    -0.002013000000000     0.003020520000000    -0.002988500000000
     0.002013000000000    -0.002988500000000     0.003020520000000
1 98
     0.003712020000000    -0.000000000000000     0.000000000000000
    -0.000000000000000     0.001073020000000    -0.000536750000000
    -0.000000000000000    -0.000536750000000     0.001073020000000
1 99
    -0.001872730000000     0.002530750000000    -0.002530750000000
     0.002013000000000     0.003020520000000    -0.002988500000000
    -0.002013000000000    -0.002988500000000     0.003020520000000
1 100
    -0.004996980000000    -0.000000000000000    -0.004414000000000
     0.000000000000000    -0.005734480000000    -0.000000000000000
    -0.018330000000000    -0.000000000000000     0.014559270000000
1 101
     0.008729520000000    -0.000000000000000     0.000000000000000
    -0.000000000000000    -0.002146480000000     0.000000000000000
    -0.000000000000000    -0.000000000000000     0.001532020000000
1 102
    -0.004996980000000    -0.000000000000000     0.004414000000000
    -0.000000000000000    -0.005734480000000    -0.000000000000000
     0.018330000000000    -0.000000000000000     0.014559270000000
1 103
    -0.001872730000000     0.002530750000000    -0.002530750000000
     0.002013000000000     0.003020520000000    -0.002988500000000
    -0.002013000000000    -0.002988500000000     0.003020520000000
1 104
     0.003712020000000     0.000000000000000    -0.000000000000000
    -0.000000000000000     0.001073020000000    -0.000536750000000
    -0.000000000000000    -0.000536750000000     0.001073020000000
1 105
    -0.001872730000000    -0.002530750000000     0.002530750000000
    -0.002013000000000     0.003020520000000    -0.002988500000000
     0.002013000000000    -0.002988500000000     0.003020520000000
1 106
    -0.001872730000000    -0.002530750000000    -0.002530750000000
    -0.002013000000000     0.003020520000000     0.002988500000000
    -0.002013000000000     0.002988500000000     0.003020520000000
1 107
     0.003712020000000    -0.000000000000000    -0.000000000000000
    -0.000000000000000     0.001073020000000     0.000536750000000
    -0.000000000000000     0.000536750000000     0.001073020000000
1 108
    -0.001872730000000     0.002530750000000     0.002530750000000
     0.002013000000000     0.003020520000000     0.002988500000000
     0.002013000000000     0.002988500000000     0.003020520000000
1 109
    -0.004318230000000    -0.027262000000000    -0.027262000000000
    -0.027262000000000    -0.004318230000000    -0.027262000000000
    -0.027262000000000    -0.027262000000000    -0.004318230000000
1 110
    -0.010470980000000    -0.000000000000000    -0.000000000000000
    -0.000000000000000     0.001654770000000    -0.000570250000000
    -0.000000000000000    -0.000570250000000     0.001654770000000
1 111
    -0.004318230000000     0.027262000000000     0.027262000000000
     0.027262000000000    -0.004318230000000    -0.027262000000000
     0.027262000000000    -0.027262000000000    -0.004318230000000
1 112
     0.001654770000000    -0.000000000000000    -0.000570250000000
     0.000000000000000    -0.010470980000000     0.000000000000000
    -0.000570250000000    -0.000000000000000     0.001654770000000
1 113
    -0.003315980000000    -0.000000000000000    -0.000000000000000
    -0.000000000000000    -0.003315980000000     0.000000000000000
    -0.000000000000000    -0.000000000000000     0.001005770000000
1 114
     0.001654770000000    -0.000000000000000     0.000570250000000
    -0.000000000000000    -0.010470980000000     0.000000000000000
     0.000570250000000    -0.000000000000000     0.001654770000000
1 115
    -0.004318230000000     0.027262000000000    -0.027262000000000
     0.027262000000000    -0.004318230000000     0.027262000000000
    -0.027262000000000     0.027262000000000    -0.004318230000000
1 116
    -0.010470980000000     0.000000000000000    -0.000000000000000
    -0.000000000000000     0.001654770000000     0.000570250000000
    -0.000000000000000     0.000570250000000     0.001654770000000
1 117
    -0.004318230000000    -0.027262000000000     0.027262000000000
    -0.027262000000000    -0.004318230000000     0.027262000000000
     0.027262000000000     0.027262000000000    -0.004318230000000
1 118
     0.001654770000000    -0.000570250000000    -0.000000000000000
    -0.000570250000000     0.001654770000000    -0.000000000000000
     0.000000000000000     0.000000000000000    -0.010470980000000
1 119
    -0.003315980000000    -0.000000000000000    -0.000000000000000
    -0.000000000000000     0.001005770000000    -0.000000000000000
    -0.000000000000000     0.000000000000000    -0.003315980000000
1 120
     0.001654770000000     0.000570250000000    -0.000000000000000
     0.000570250000000     0.001654770000000    -0.000000000000000
    -0.000000000000000     0.000000000000000    -0.010470980000000
1 121
     0.001005770000000    -0.000000000000000    -0.000000000000000
     0.000000000000000    -0.003315980000000    -0.000000000000000
     0.000000000000000    -0.000000000000000    -0.003315980000000
1 122
    -0.002018980000000    -0.000000000000000    -0.000000000000000
    -0.000000000000000    -0.002018980000000    -0.000000000000000
    -0.000000000000000    -0.000000000000000    -0.002018980000000
1 123
     0.001005770000000    -0.000000000000000    -0.000000000000000
    -0.000000000000000    -0.003315980000000    -0.000000000000000
    -0.000000000000000    -0.000000000000000    -0.003315980000000
1 124
     0.001654770000000     0.000570250000000    -0.000000000000000
     0.000570250000000     0.001654770000000    -0.000000000000000
     0.000000000000000    -0.000000000000000    -0.010470980000000
1 125
    -0.003315980000000     0.000000000000000    -0.000000000000000
    -0.000000000000000     0.001005770000000    -0.000000000000000
    -0.000000000000000    -0.000000000000000    -0.003315980000000
1 126
     0.001654770000000    -0.000570250000000    -0.000000000000000
    -0.000570250000000     0.001654770000000    -0.000000000000000
    -0.000000000000000    -0.000000000000000    -0.010470980000000
1 127
    -0.004318230000000    -0.027262000000000     0.027262000000000
    -0.027262000000000    -0.004318230000000     0.027262000000000
     0.027262000000000     0.027262000000000    -0.004318230000000
1 128
    -0.010470980000000    -0.000000000000000     0.000000000000000
    -0.000000000000000     0.001654770000000     0.000570250000000
    -0.000000000000000     0.000570250000000     0.001654770000000
1 129
    -0.004318230000000     0.027262000000000    -0.027262000000000
     0.027262000000000    -0.004318230000000     0.027262000000000
    -0.027262000000000     0.027262000000000    -0.004318230000000
1 130
     0.001654770000000    -0.000000000000000     0.000570250000000
     0.000000000000000    -0.010470980000000    -0.000000000000000
     0.000570250000000    -0.000000000000000     0.001654770000000
1 131
    -0.003315980000000    -0.000000000000000     0.000000000000000
    -0.000000000000000    -0.003315980000000    -0.000000000000000
    -0.000000000000000    -0.000000000000000     0.001005770000000
1 132
     0.001654770000000    -0.000000000000000    -0.000570250000000
    -0.000000000000000    -0.010470980000000    -0.000000000000000
    -0.000570250000000    -0.000000000000000     0.001654770000000
1 133
    -0.004318230000000     0.027262000000000     0.027262000000000
     0.027262000000000    -0.004318230000000    -0.027262000000000
     0.027262000000000    -0.027262000000000    -0.004318230000000
1 134
    -0.010470980000000     0.000000000000000     0.000000000000000
    -0.000000000000000     0.001654770000000    -0.000570250000000
    -0.000000000000000    -0.000570250000000     0.001654770000000
1 135
    -0.004318230000000    -0.027262000000000    -0.027262000000000
    -0.027262000000000    -0.004318230000000    -0.027262000000000
    -0.027262000000000    -0.027262000000000    -0.004318230000000
28 1
    -0.045966883453526     0.000000000000000    -0.000000000000000
     0.000000000000000    -0.126887476385733    -0.000000000000000
    -0.000000000000000    -0.000000000000000    -0.045966883453526
28 2
     0.014558805365613    -0.004413583751471    -0.000000000000000
    -0.018329356816875    -0.004997381716620     0.000000000000000
     0.000000000000000     0.000000000000000    -0.005735336031136
28 3
     0.014558805365613     0.004413583751471    -0.000000000000000
     0.018329356816875    -0.004997381716620     0.000000000000000
    -0.000000000000000     0.000000000000000    -0.005735336031136
28 4
    -0.045966883453526    -0.000000000000000    -0.000000000000000
     0.000000000000000    -0.126887476385733     0.000000000000000
    -0.000000000000000     0.000000000000000    -0.045966883453526
28 5
     0.014558805365613     0.004413583751471    -0.000000000000000
     0.018329356816875    -0.004997381716620    -0.000000000000000
    -0.000000000000000    -0.000000000000000    -0.005735336031136
28 6
     0.014558805365613    -0.004413583751471    -0.000000000000000
    -0.018329356816875    -0.004997381716620    -0.000000000000000
     0.000000000000000    -0.000000000000000    -0.005735336031136
28 7
    -0.003168538415429    -0.000000000000000    -0.000000000000000
     0.000000000000000     0.015945972093606    -0.000000000000000
    -0.000000000000000     0.000000000000000    -0.003168538415429
28 8
     0.001532661019290     0.000000000000000    -0.000000000000000
    -0.000000000000000     0.008731891935245     0.000000000000000
     0.000000000000000    -0.000000000000000    -0.002146062009833
28 9
     0.001532661019290     0.000000000000000    -0.000000000000000
    -0.000000000000000     0.008731891935245     0.000000000000000
    -0.000000000000000    -0.000000000000000    -0.002146062009833
28 10
    -0.005735336031136    -0.000000000000000    -0.000000000000000
     0.000000000000000    -0.004997381716620    -0.018329356816875
    -0.000000000000000    -0.004413583751471     0.014558805365613
28 11
     0.003020413686906    -0.002531442276648     0.002988056480599
    -0.002012337510909    -0.001873118792295    -0.002012337510909
     0.002988056480599    -0.002531442276648     0.003020413686906
28 12
     0.003020413686906     0.002531442276648    -0.002988056480599
     0.002012337510909    -0.001873118792295    -0.002012337510909
    -0.002988056480599    -0.002531442276648     0.003020413686906
28 13
    -0.005735336031136     0.000000000000000     0.000000000000000
     0.000000000000000    -0.004997381716620     0.018329356816875
    -0.000000000000000     0.004413583751471     0.014558805365613
28 14
     0.003020413686906     0.002531442276648     0.002988056480599
     0.002012337510909    -0.001873118792295     0.002012337510909
     0.002988056480599     0.002531442276648     0.003020413686906
28 15
     0.003020413686906    -0.002531442276648    -0.002988056480599
    -0.002012337510909    -0.001873118792295     0.002012337510909
    -0.002988056480599     0.002531442276648     0.003020413686906
28 16
    -0.002146062009833     0.000000000000000    -0.000000000000000
     0.000000000000000     0.008731891935245     0.000000000000000
    -0.000000000000000    -0.000000000000000     0.001532661019290
28 17
     0.001073748718300     0.000000000000000     0.000536694046921
    -0.000000000000000     0.003713378332469    -0.000000000000000
     0.000536694046921     0.000000000000000     0.001073748718300
28 18
     0.001073748718300    -0.000000000000000    -0.000536694046921
    -0.000000000000000     0.003713378332469     0.000000000000000
    -0.000536694046921     0.000000000000000     0.001073748718300
28 19
    -0.005735336031136    -0.000000000000000     0.000000000000000
     0.000000000000000    -0.004997381716620     0.018329356816875
    -0.000000000000000     0.004413583751471     0.014558805365613
28 20
     0.003020413686906    -0.002531442276648    -0.002988056480599
    -0.002012337510909    -0.001873118792295     0.002012337510909
    -0.002988056480599     0.002531442276648     0.003020413686906
28 21
     0.003020413686906     0.002531442276648     0.002988056480599
     0.002012337510909    -0.001873118792295     0.002012337510909
     0.002988056480599     0.002531442276648     0.003020413686906
28 22
    -0.005735336031136     0.000000000000000    -0.000000000000000
     0.000000000000000    -0.004997381716620    -0.018329356816875
    -0.000000000000000    -0.004413583751471     0.014558805365613
28 23
     0.003020413686906     0.002531442276648    -0.002988056480599
     0.002012337510909    -0.001873118792295    -0.002012337510909
    -0.002988056480599    -0.002531442276648     0.003020413686906
28 24
     0.003020413686906    -0.002531442276648     0.002988056480599
    -0.002012337510909    -0.001873118792295    -0.002012337510909
     0.002988056480599    -0.002531442276648     0.003020413686906
28 25
    -0.002146062009833     0.000000000000000     0.000000000000000
     0.000000000000000     0.008731891935245    -0.000000000000000
    -0.000000000000000    -0.000000000000000     0.001532661019290
28 26
     0.001073748718300     0.000000000000000    -0.000536694046921
    -0.000000000000000     0.003713378332469     0.000000000000000
    -0.000536694046921    -0.000000000000000     0.001073748718300
28 27
     0.001073748718300    -0.000000000000000     0.000536694046921
    -0.000000000000000     0.003713378332469    -0.000000000000000
     0.000536694046921    -0.000000000000000     0.001073748718300
28 28
     0.119935216655242     0.000000000000000    -0.000000000000000
    -0.000000000000000     0.450610167343224     0.000000000000000
    -0.000000000000000    -0.000000000000000     0.119935216655242
28 29
    -0.007921356645174     0.000000000000000    -0.000000000000000
     0.000000000000000     0.010937711539157     0.000000000000000
     0.000000000000000    -0.000000000000000     0.005259467309533
28 30
    -0.007921356645174    -0.000000000000000    -0.000000000000000
     0.000000000000000     0.010937711539157     0.000000000000000
    -0.000000000000000    -0.000000000000000     0.005259467309533
28 31
     0.003857628115831     0.000000000000000    -0.000000000000000
    -0.000000000000000    -0.012519672043231     0.000000000000000
    -0.000000000000000    -0.000000000000000     0.003857628115831
28 32
    -0.002756648715388    -0.003640539262939    -0.000000000000000
    -0.003640185709548    -0.006550453373149     0.000000000000000
    -0.000000000000000    -0.000000000000000     0.001494123699715
28 33
    -0.002756648715388     0.003640539262939    -0.000000000000000
     0.003640185709548    -0.006550453373149     0.000000000000000
     0.000000000000000    -0.000000000000000     0.001494123699715
28 34
     0.003857628115831     0.000000000000000    -0.000000000000000
    -0.000000000000000    -0.012519672043231     0.000000000000000
    -0.000000000000000    -0.000000000000000     0.003857628115831
28 35
    -0.002756648715388     0.003640539262939    -0.000000000000000
     0.003640185709548    -0.006550453373149     0.000000000000000
    -0.000000000000000     0.000000000000000     0.001494123699715
28 36
    -0.002756648715388    -0.003640539262939    -0.000000000000000
    -0.003640185709548    -0.006550453373149     0.000000000000000
     0.000000000000000     0.000000000000000     0.001494123699715
28 37
     0.005259467309533     0.000000000000000    -0.000000000000000
    -0.000000000000000     0.010937711539157     0.000000000000000
    -0.000000000000000     0.000000000000000    -0.007921356645174
28 38
    -0.004118182822563    -0.000000000000000    -0.003631346874784
     0.000000000000000     0.003693579342596     0.000000000000000
    -0.003631346874784     0.000000000000000    -0.004118182822563
28 39
    -0.004118182822563    -0.000000000000000     0.003631346874784
     0.000000000000000     0.003693579342596    -0.000000000000000
     0.003631346874784     0.000000000000000    -0.004118182822563
28 40
     0.001494123699715     0.000000000000000     0.000000000000000
    -0.000000000000000    -0.006550453373149    -0.003640185709548
    -0.000000000000000    -0.003640539262939    -0.002756648715388
28 41
    -0.000755713301325    -0.000765619867330    -0.000484014591722
    -0.000765708255677    -0.001860921200320    -0.000765708255677
    -0.000484014591722    -0.000765619867330    -0.000755713301325
28 42
    -0.000755713301325     0.000765619867330     0.000484014591722
     0.000765708255677    -0.001860921200320    -0.000765708255677
     0.000484014591722    -0.000765619867330    -0.000755713301325
28 43
     0.001494123699715    -0.000000000000000     0.000000000000000
    -0.000000000000000    -0.006550453373149     0.003640185709548
    -0.000000000000000     0.003640539262939    -0.002756648715388
28 44
    -0.000755713301325     0.000765619867330    -0.000484014591722
     0.000765708255677    -0.001860921200320     0.000765708255677
    -0.000484014591722     0.000765619867330    -0.000755713301325
28 45
    -0.000755713301325    -0.000765619867330     0.000484014591722
    -0.000765708255677    -0.001860921200320     0.000765708255677
     0.000484014591722     0.000765619867330    -0.000755713301325
28 46
     0.005259467309533     0.000000000000000     0.000000000000000
    -0.000000000000000     0.010937711539157    -0.000000000000000
    -0.000000000000000    -0.000000000000000    -0.007921356645174
28 47
    -0.004118182822563    -0.000000000000000     0.003631346874784
     0.000000000000000     0.003693579342596    -0.000000000000000
     0.003631346874784     0.000000000000000    -0.004118182822563
28 48
    -0.004118182822563    -0.000000000000000    -0.003631346874784
     0.000000000000000     0.003693579342596     0.000000000000000
    -0.003631346874784     0.000000000000000    -0.004118182822563
28 49
     0.001494123699715     0.000000000000000    -0.000000000000000
    -0.000000000000000    -0.006550453373149     0.003640185709548
    -0.000000000000000     0.003640539262939    -0.002756648715388
28 50
    -0.000755713301325    -0.000765619867330     0.000484014591722
    -0.000765708255677    -0.001860921200320     0.000765708255677
     0.000484014591722     0.000765619867330    -0.000755713301325
28 51
    -0.000755713301325     0.000765619867330    -0.000484014591722
     0.000765708255677    -0.001860921200320     0.000765708255677
    -0.000484014591722     0.000765619867330    -0.000755713301325
28 52
     0.001494123699715    -0.000000000000000    -0.000000000000000
    -0.000000000000000    -0.006550453373149    -0.003640185709548
    -0.000000000000000    -0.003640539262939    -0.002756648715388
28 53
    -0.000755713301325     0.000765619867330     0.000484014591722
     0.000765708255677    -0.001860921200320    -0.000765708255677
     0.000484014591722    -0.000765619867330    -0.000755713301325
28 54
    -0.000755713301325    -0.000765619867330    -0.000484014591722
    -0.000765708255677    -0.001860921200320    -0.000765708255677
    -0.000484014591722    -0.000765619867330    -0.000755713301325
28 55
     0.010793284979099     0.000000000000000     0.000000000000000
    -0.000000000000000    -0.016656865431605     0.043541249100081
    -0.000000000000000     0.026276971872368    -0.016658544810211
28 56
    -0.003901277817434     0.002210769351380    -0.002699556913875
     0.002699556913875     0.001751864121457     0.004109439447213
    -0.002210592574684     0.002192738128459     0.001751864121457
28 57
    -0.003901277817434    -0.002210769351380     0.002699556913875
    -0.002699556913875     0.001751864121457     0.004109439447213
     0.002210592574684     0.002192738128459     0.001751864121457
28 58
     0.010793284979099    -0.000000000000000    -0.000000000000000
    -0.000000000000000    -0.016656865431605    -0.043541249100081
    -0.000000000000000    -0.026276971872368    -0.016658544810211
28 59
    -0.003901277817434    -0.002210769351380    -0.002699556913875
    -0.002699556913875     0.001751864121457    -0.004109439447213
